Column: buyVolUsd
P-Values: [0.0, 0.0005, 0.0021, 0.0018, 0.0019, 0.0013, 0.0027, 0.0061, 0.0109, 0.0169, 0.0114, 0.0123]
Min P-Value: 0.0

Column: puellMultiple
P-Values: [0.0706, 0.0019, 0.0058, 0.0074, 0.0084, 0.0134, 0.0052, 0.0, 0.0, 0.0, 0.0, 0.0001]
Min P-Value: 0.0

Column: ma110
P-Values: [0.4176, 0.7226, 0.0208, 0.0346, 0.0518, 0.0733, 0.0, 0.0001, 0.0, 0.0, 0.0, 0.0]
Min P-Value: 0.0

Column: ma350Mu2
P-Values: [0.0831, 0.2495, 0.4199, 0.5797, 0.6943, 0.7678, 0.0351, 0.0407, 0.0, 0.0, 0.0, 0.0]
Min P-Value: 0.0

Column: 3LowBullHigh
P-Values: [0.0831, 0.2495, 0.4199, 0.5797, 0.6943, 0.7678, 0.0351, 0.0407, 0.0, 0.0, 0.0, 0.0]
Min P-Value: 0.0

Column: 2LowBullHigh
P-Values: [0.0831, 0.2495, 0.4199, 0.5797, 0.6943, 0.7678, 0.0351, 0.0407, 0.0, 0.0, 0.0, 0.0]
Min P-Value: 0.0

Column: ma350
P-Values: [0.0831, 0.2495, 0.4199, 0.5797, 0.6943, 0.7678, 0.0351, 0.0407, 0.0, 0.0, 0.0, 0.0]
Min P-Value: 0.0

Column: 1.6AccumulationHigh
P-Values: [0.0831, 0.2495, 0.4199, 0.5797, 0.6943, 0.7678, 0.0351, 0.0407, 0.0, 0.0, 0.0, 0.0]
Min P-Value: 0.0

Column: modelVariance
P-Values: [0.0, 0.0, 0.0, 0.0, 0.0, 0.0, 0.0, 0.0, 0.0, 0.0, 0.0, 0.0]
Min P-Value: 0.0

Column: volUsd
P-Values: [0.0008, 0.0027, 0.0089, 0.007, 0.0034, 0.0059, 0.0058, 0.0067, 0.0104, 0.015, 0.0131, 0.0208]
Min P-Value: 0.0008

Column: o
P-Values: [0.0608, 0.1894, 0.4572, 0.2679, 0.2698, 0.0022, 0.0609, 0.1356, 0.1272, 0.0855, 0.2142, 0.1696]
Min P-Value: 0.0022

Column: MACD_Signal
P-Values: [0.4751, 0.7825, 0.7991, 0.9211, 0.3581, 0.005, 0.4627, 0.7676, 0.6669, 0.8199, 0.9744, 0.9016]
Min P-Value: 0.005

Column: turnoverNumber
P-Values: [0.0107, 0.0381, 0.0995, 0.097, 0.0232, 0.0443, 0.0466, 0.0724, 0.0943, 0.1298, 0.0567, 0.0818]
Min P-Value: 0.0107

Column: buyTurnoverNumber
P-Values: [0.0116, 0.0355, 0.0878, 0.1143, 0.0378, 0.0723, 0.0668, 0.1065, 0.1094, 0.1834, 0.124, 0.1175]
Min P-Value: 0.0116

Column: sellTurnoverNumber
P-Values: [0.042, 0.0224, 0.0522, 0.0673, 0.0402, 0.034, 0.0786, 0.1054, 0.1481, 0.1944, 0.1633, 0.2507]
Min P-Value: 0.0224

Column: stockFlow365dAverage
P-Values: [0.0743, 0.0274, 0.0653, 0.0545, 0.0541, 0.0966, 0.1207, 0.1694, 0.21, 0.2676, 0.3111, 0.0986]
Min P-Value: 0.0274

Column: c_oi
P-Values: [0.0411, 0.1185, 0.1118, 0.1353, 0.1506, 0.0774, 0.1191, 0.1588, 0.2254, 0.2408, 0.2982, 0.3482]
Min P-Value: 0.0411

Column: nextHalving
P-Values: [0.0559, 0.0955, 0.1258, 0.1926, 0.2167, 0.3115, 0.2656, 0.3329, 0.4288, 0.5389, 0.463, 0.5459]
Min P-Value: 0.0559

Column: sellVolUsd
P-Values: [0.1697, 0.197, 0.2596, 0.3132, 0.0983, 0.0937, 0.192, 0.0646, 0.0582, 0.0745, 0.1094, 0.1489]
Min P-Value: 0.0582

Column: l
P-Values: [0.8871, 0.1596, 0.4712, 0.5509, 0.5883, 0.649, 0.4376, 0.3473, 0.3227, 0.4663, 0.4023, 0.0628]
Min P-Value: 0.0628

Column: RSI
P-Values: [0.1035, 0.422, 0.3557, 0.5196, 0.455, 0.5398, 0.4475, 0.34, 0.2594, 0.3908, 0.2224, 0.314]
Min P-Value: 0.1035

Column: MACD
P-Values: [0.4073, 0.595, 0.7028, 0.649, 0.4115, 0.286, 0.8657, 0.5954, 0.4189, 0.6193, 0.9128, 0.9597]
Min P-Value: 0.286

Column: h
P-Values: [0.5694, 0.7898, 0.726, 0.8812, 0.718, 0.3142, 0.8603, 0.5575, 0.6384, 0.3206, 0.4959, 0.6043]
Min P-Value: 0.3142

Column: v
P-Values: [0.4285, 0.7499, 0.6368, 0.7312, 0.7857, 0.8602, 0.6266, 0.6623, 0.7494, 0.6983, 0.7328, 0.4637]
Min P-Value: 0.4285

Column: fundingRate
P-Values: [0.6686, 0.528, 0.7251, 0.8419, 0.7434, 0.8414, 0.9085, 0.7238, 0.7853, 0.7546, 0.8125, 0.6322]
Min P-Value: 0.528

